$ 1 0.000005 15.472767971186109 50 5 43 5e-11
v 544 544 544 384 0 0 40 10 0 0 0.5
r 544 384 544 272 0 100
s 672 272 544 272 0 1 false
c 672 272 672 544 4 0.00001 0.8230679993313521 0.001 0.1
w 672 544 544 544 0
162 784 368 784 544 2 default-led 1 0 0 0.01
r 784 272 784 368 0 360
w 784 272 672 272 0
w 784 544 672 544 0
c 880 272 880 544 4 0.000029999999999999997 0.9130813051934271 0.001 0
162 1008 384 1008 544 2 default-led 1 0 0 0.01
w 784 544 880 544 0
w 1008 544 880 544 0
w 1008 272 880 272 0
d 784 272 880 272 2 default
r 1008 272 1008 384 0 360
r 1232 272 1232 384 0 360
d 1008 272 1104 272 2 default
w 1232 272 1104 272 0
w 1232 544 1104 544 0
w 1008 544 1104 544 0
162 1232 384 1232 544 2 default-led 1 0 0 0.01
c 1104 272 1104 544 4 0.000049999999999999996 0.9655718654207299 0.001 0
r 1456 272 1456 384 0 360
d 1232 272 1328 272 2 default
w 1456 272 1328 272 0
w 1456 544 1328 544 0
w 1232 544 1328 544 0
162 1456 384 1456 544 2 default-led 1 0 0 0.01
c 1328 272 1328 544 4 0.00007 1.0005338751062571 0.001 0
r 1680 272 1680 384 0 360
d 1456 272 1552 272 2 default
w 1680 272 1552 272 0
w 1680 544 1552 544 0
w 1456 544 1552 544 0
162 1680 384 1680 544 2 default-led 1 0 0 0.01
c 1552 272 1552 544 4 0.00008999999999999999 1.026147303290226 0.001 0
o 3 64 0 4099 5 0.00009765625 0 2 3 3
o 9 64 0 4099 5 0.00009765625 1 2 9 3
