$ 1 0.000005 382.76258214399064 46 5 43 5e-11
R -16 144 -80 144 0 0 40 9 0 0 0.5
g 224 384 224 416 0 0
w -16 144 64 144 0
r 64 144 64 240 0 1000
t 16 272 64 272 0 1 -4.007062682925955 0.5948772088983463 100 default
w 64 240 64 256 0
162 64 288 64 384 2 default-led 1 0 0 0.01
w 16 272 -16 272 0
c -16 272 -16 384 4 0.0000065999999999999995 2.1551288918831815 0.001 0
w -16 384 64 384 0
w -16 272 -48 272 0
r -112 272 -48 272 0 2000
w 64 240 128 240 0
w 128 240 128 272 0
w 368 240 368 272 0
w 304 240 368 240 0
r 128 272 192 272 0 2000
w 224 272 192 272 0
w 224 384 304 384 0
c 224 272 224 384 4 0.0000065999999999999995 2.4341953098789064 0.001 0
w 256 272 224 272 0
162 304 288 304 384 2 default-led 1 0 0 0.01
w 304 240 304 256 0
t 256 272 304 272 0 1 0.6100287574371652 0.6573347660189652 100 default
r 304 144 304 240 0 1000
r 368 272 432 272 0 2000
w 464 272 432 272 0
w 464 384 544 384 0
c 464 272 464 384 4 0.0000065999999999999995 2.2630466997700034 0.001 0
w 496 272 464 272 0
162 544 288 544 384 2 default-led 1 0 0 0.01
w 544 240 544 256 0
t 496 272 544 272 0 1 -2.9466027489473343 0.6176804580756201 100 default
r 544 144 544 208 0 1000
w 64 384 224 384 0
w 304 384 464 384 0
w 544 144 304 144 0
w 304 144 64 144 0
w 544 208 544 224 0
w 544 224 544 240 0
w 784 224 784 240 0
w 784 208 784 224 0
w 784 144 544 144 0
w 544 384 704 384 0
r 784 144 784 208 0 1000
t 736 272 784 272 0 1 -1.718885977229991 0.6322647607157004 100 default
w 784 240 784 256 0
162 784 288 784 384 2 default-led 1 0 0 0.01
w 736 272 704 272 0
c 704 272 704 384 4 0.0000065999999999999995 2.3321060079319795 0.001 0
w 704 384 784 384 0
w 704 272 672 272 0
r 608 272 672 272 0 2000
w 544 240 608 240 0
w 608 240 608 272 0
w 1088 240 1088 272 0
w 1024 240 1088 240 0
r 1088 272 1152 272 0 2000
w 1184 272 1152 272 0
w 1184 384 1264 384 0
c 1184 272 1184 384 4 0.0000065999999999999995 1.908714739377373 0.001 0
w 1216 272 1184 272 0
162 1264 288 1264 384 2 default-led 1 0 0 0.01
w 1264 240 1264 256 0
t 1216 272 1264 272 0 1 -4.816778840394278 0.5427887480230884 100 default
r 1264 144 1264 208 0 1000
w 1024 384 1184 384 0
w 1264 144 1024 144 0
w 1264 208 1264 224 0
w 1264 224 1264 240 0
w 1024 224 1024 240 0
w 1024 208 1024 224 0
w 1024 144 784 144 0
w 784 384 944 384 0
r 1024 144 1024 208 0 1000
t 976 272 1024 272 0 1 0.594157900092495 0.652714750319928 100 default
w 1024 240 1024 256 0
162 1024 288 1024 384 2 default-led 1 0 0 0.01
w 976 272 944 272 0
c 944 272 944 384 4 0.0000065999999999999995 2.418528549744432 0.001 0
w 944 384 1024 384 0
w 944 272 912 272 0
r 848 272 912 272 0 2000
w 784 240 848 240 0
w 848 240 848 272 0
w 1808 240 1808 272 0
w 1744 240 1808 240 0
r 1808 272 1872 272 0 2000
w 1904 272 1872 272 0
w 1904 384 1984 384 0
c 1904 272 1904 384 4 0.0000065999999999999995 2.436492629363547 0.001 0
w 1936 272 1904 272 0
162 1984 288 1984 384 2 default-led 1 0 0 0.01
w 1984 240 1984 256 0
t 1936 272 1984 272 0 1 0.6137635046160879 0.6582656376854623 100 default
r 1984 144 1984 208 0 1000
w 1744 384 1904 384 0
w 1984 144 1744 144 0
w 1984 208 1984 224 0
w 1984 224 1984 240 0
w 2224 224 2224 240 0
w 2224 208 2224 224 0
w 2224 144 1984 144 0
w 1984 384 2144 384 0
r 2224 144 2224 208 0 1000
t 2176 272 2224 272 0 1 -4.698791105318811 0.555782243210551 100 default
w 2224 240 2224 256 0
162 2224 288 2224 384 2 default-led 1 0 0 0.01
w 2176 272 2144 272 0
c 2144 272 2144 384 4 0.0000065999999999999995 1.970177541230933 0.001 0
w 2144 384 2224 384 0
w 2144 272 2112 272 0
r 2048 272 2112 272 0 2000
w 1984 240 2048 240 0
w 2048 240 2048 272 0
w 1568 240 1568 272 0
w 1504 240 1568 240 0
r 1568 272 1632 272 0 2000
w 1664 272 1632 272 0
w 1664 384 1744 384 0
c 1664 272 1664 384 4 0.0000065999999999999995 1.9353836938905773 0.001 0
w 1696 272 1664 272 0
162 1744 288 1744 384 2 default-led 1 0 0 0.01
w 1744 240 1744 256 0
t 1696 272 1744 272 0 1 -4.769024498628818 0.5484267238866842 100 default
r 1744 144 1744 208 0 1000
w 1504 384 1664 384 0
w 1744 144 1504 144 0
w 1744 208 1744 224 0
w 1744 224 1744 240 0
w 1504 224 1504 240 0
w 1504 208 1504 224 0
w 1504 144 1264 144 0
w 1264 384 1424 384 0
r 1504 144 1504 208 0 1000
t 1456 272 1504 272 0 1 0.6138984252363784 0.6582748727500436 100 default
w 1504 240 1504 256 0
162 1504 288 1504 384 2 default-led 1 0 0 0.01
w 1456 272 1424 272 0
c 1424 272 1424 384 4 0.0000065999999999999995 2.436434779669589 0.001 0
w 1424 384 1504 384 0
w 1424 272 1392 272 0
r 1328 272 1392 272 0 2000
w 1264 240 1328 240 0
w 1328 240 1328 272 0
w 2528 240 2528 272 0
w 2464 240 2528 240 0
r 2528 272 2592 272 0 2000
w 2624 272 2592 272 0
w 2624 384 2704 384 0
c 2624 272 2624 384 4 0.0000065999999999999995 2.0157288672396496 0.001 0
w 2656 272 2624 272 0
162 2704 288 2704 384 2 default-led 1 0 0 0.01
w 2704 240 2704 256 0
t 2656 272 2704 272 0 1 -4.5886092724226994 0.5654116786476691 100 default
r 2704 144 2704 208 0 1000
w 2464 384 2624 384 0
w 2704 144 2464 144 0
w 2704 208 2704 224 0
w 2704 224 2704 240 0
w 2944 224 2944 240 0
w 2944 208 2944 224 0
w 2944 144 2704 144 0
w 2704 384 2864 384 0
r 2944 144 2944 208 0 1000
t 2896 272 2944 272 0 1 0.613114941644695 0.6581550074685885 100 default
w 2944 240 2944 256 0
162 2944 288 2944 384 2 default-led 1 0 0 0.01
w 2896 272 2864 272 0
c 2864 272 2864 384 4 0.0000065999999999999995 2.436396105456258 0.001 0
w 2864 384 2944 384 0
w 2864 272 2832 272 0
r 2768 272 2832 272 0 2000
w 2704 240 2768 240 0
w 2768 240 2768 272 0
w 3248 240 3248 272 0
w 3184 240 3248 240 0
r 3248 272 3312 272 0 2000
w 3344 272 3312 272 0
w 3344 384 3424 384 0
c 3344 272 3344 384 4 0.0000065999999999999995 2.4358988678633984 0.001 0
w 3376 272 3344 272 0
162 3424 288 3424 384 2 default-led 1 0 0 0.01
w 3424 240 3424 256 0
t 3376 272 3424 272 0 1 0.6122375592069758 0.6579418266079256 100 default
r 3424 144 3424 208 0 1000
w 3184 384 3344 384 0
w 3424 144 3184 144 0
w 3424 208 3424 224 0
w 3424 224 3424 240 0
w 3184 224 3184 240 0
w 3184 208 3184 224 0
w 3184 144 2944 144 0
w 2944 384 3104 384 0
r 3184 144 3184 208 0 1000
t 3136 272 3184 272 0 1 -4.397304004100528 0.5780738938552905 100 default
w 3184 240 3184 256 0
162 3184 288 3184 384 2 default-led 1 0 0 0.01
w 3136 272 3104 272 0
c 3104 272 3104 384 4 0.0000065999999999999995 2.0756294842013863 0.001 0
w 3104 384 3184 384 0
w 3104 272 3072 272 0
r 3008 272 3072 272 0 2000
w 2944 240 3008 240 0
w 3008 240 3008 272 0
w 2464 224 2464 240 0
w 2464 208 2464 224 0
w 2464 144 2224 144 0
w 2224 384 2384 384 0
r 2464 144 2464 208 0 1000
t 2416 272 2464 272 0 1 0.6135355503783464 0.658235708312159 100 default
w 2464 240 2464 256 0
162 2464 288 2464 384 2 default-led 1 0 0 0.01
w 2416 272 2384 272 0
c 2384 272 2384 384 4 0.0000065999999999999995 2.436509584986813 0.001 0
w 2384 384 2464 384 0
w 2384 272 2352 272 0
r 2288 272 2352 272 0 2000
w 2224 240 2288 240 0
w 2288 240 2288 272 0
w -112 304 -112 480 0
w 928 480 3552 480 0
w 3424 224 3552 224 0
w 3552 224 3552 480 0
w -112 480 928 480 0
w -112 304 -112 272 0
